CPU
Model parameters:
Param name: input_user_loading.embedding_gender.embedding_table, shape: (2, 100)
Param name: input_user_loading.embedding_age.embedding_table, shape: (7, 100)
Param name: input_user_loading.embedding_occupation.embedding_table, shape: (21, 100)
Param name: input_item_loading.emb_rate.embedding_table, shape: (6, 100)
Param name: input_item_loading.emb_genre.weight, shape: (100, 25)
Param name: input_item_loading.emb_genre.bias, shape: (100,)
Param name: input_item_loading.emb_director.weight, shape: (100, 2186)
Param name: input_item_loading.emb_director.bias, shape: (100,)
Param name: input_item_loading.emb_year.embedding_table, shape: (81, 100)
Param name: user_embedding.fc.0.weight, shape: (150, 300)
Param name: user_embedding.fc.0.bias, shape: (150,)
Param name: user_embedding.final_layer.0.weight, shape: (100, 150)
Param name: user_embedding.final_layer.0.bias, shape: (100,)
Param name: item_embedding.fc.0.weight, shape: (200, 400)
Param name: item_embedding.fc.0.bias, shape: (200,)
Param name: item_embedding.final_layer.0.weight, shape: (100, 200)
Param name: item_embedding.final_layer.0.bias, shape: (100,)
Param name: rec_model.mem_layer.weight, shape: (200, 200)
Param name: rec_model.mem_layer.bias, shape: (200,)
Param name: rec_model.fc.0.weight, shape: (100, 200)
Param name: rec_model.fc.0.bias, shape: (100,)
Param name: rec_model.final_layer.0.weight, shape: (5, 100)
Param name: rec_model.final_layer.0.bias, shape: (5,)
=====================================================================
训练开始
训练结束
测试开始
0 2872
1 315
2 4907
3 3138
4 1216
5 3032
6 1556
7 745
8 2701
9 2954
10 287
11 1535
12 4241
13 1399
14 2207
15 5332
16 5815
17 5034
18 5460
19 1937
20 5608
21 4484
22 296
23 4208
24 878
25 3897
26 4640
27 2654
28 4555
29 1195
30 2238
31 4321
32 3392
33 930
34 2495
35 3840
36 3676
37 2006
38 1291
39 1961
40 2397
41 249
42 3643
43 587
44 3424
45 4261
46 1026
47 980
48 4830
49 2262
50 4831
51 2169
52 1131
53 3917
54 4533
55 5877
56 2818
57 5316
58 4026
59 2363
60 2530
61 3196
62 3240
63 1419
64 4760
65 406
66 2708
67 31
68 5152
69 2504
70 1029
71 1716
72 1726
73 1469
74 4317
75 3450
76 4263
77 5449
78 5989
79 4542
80 1890
81 115
82 3080
83 895
84 2681
85 1647
86 3699
87 5225
88 5641
89 2356
90 934
91 3101
92 5078
93 2055
94 3035
95 1054
96 1544
97 1135
98 1920
99 6034
100 1832
101 4621
102 5305
103 799
104 4585
105 5649
106 3742
107 892
108 4661
109 1581
110 2296
111 1273
112 3143
113 3498
114 5585
115 5794
116 5435
117 5781
118 3738
119 2007
120 4279
121 4226
122 3381
123 1297
124 2956
125 5969
126 3354
127 849
128 3594
129 952
130 5006
131 1440
132 107
133 4534
134 328
135 665
136 5694
137 431
138 1513
139 2580
140 3805
141 1585
142 3731
143 5854
144 1230
145 4920
146 1165
147 3405
148 3844
149 3092
150 496
151 5618
152 246
153 5100
154 1046
155 5143
156 1447
157 1655
158 5630
159 260
160 5827
161 6001
162 1071
163 3812
164 2195
165 5829
166 3364
167 2657
168 592
169 5471
170 659
171 2089
172 1720
173 5958
174 1151
175 5935
176 4345
177 4919
178 1537
179 1278
180 3348
181 1892
182 5102
183 3022
184 3725
185 2910
186 1564
187 3830
188 2812
189 201
190 6005
191 4995
192 3899
193 1844
194 947
195 1717
196 2405
197 4976
198 3661
199 2024
200 2769
201 1613
202 5416
203 5170
204 3247
205 1335
206 5218
207 2294
208 2271
209 1090
210 3091
211 174
212 290
213 1771
214 2041
215 739
216 5392
217 72
218 4870
219 4763
220 3248
221 5898
222 129
223 110
224 1750
225 2444
226 5933
227 5890
228 886
229 894
230 3034
231 409
232 3977
233 3243
234 5910
235 5864
236 3928
237 1770
238 3494
239 3349
240 385
241 5959
242 3147
243 5157
244 2941
245 4477
246 5582
247 5760
248 3831
249 974
250 2547
251 2375
252 3569
253 583
254 1697
255 336
256 4123
257 832
258 2520
259 445
260 3347
261 3213
262 239
263 5957
264 2542
265 99
266 3579
267 4628
268 1815
269 5437
270 4278
271 2204
272 3100
273 1322
274 4793
275 2992
276 3757
277 4295
278 3407
279 936
280 761
281 1441
282 641
283 39
284 3691
285 2283
286 3229
287 5600
288 959
289 5495
290 2616
291 3428
292 217
293 3515
294 1809
295 4809
296 2970
297 908
298 3618
299 4220
300 5297
301 3377
302 4811
303 2010
304 4338
305 4204
306 2419
307 3502
308 4369
309 5469
310 904
311 3841
312 2173
313 1218
314 502
315 4165
316 403
317 4514
318 1219
319 2477
320 3941
321 5082
322 4410
323 4463
324 1733
325 49
326 58
327 3878
328 2745
329 4299
330 2513
331 2969
332 988
333 2554
334 5276
335 4440
336 2096
337 189
338 741
339 4513
340 1251
341 3467
342 5378
343 5338
344 4502
345 3151
346 475
347 2689
348 3316
349 423
350 2934
351 4667
352 1865
353 4706
354 2666
355 817
356 3577
357 209
358 4574
359 2034
360 1593
361 1829
362 1878
363 2098
364 3902
365 3435
366 875
367 4366
368 3350
369 3949
370 3133
371 1804
372 85
373 2335
374 2612
375 610
376 4987
377 432
378 2244
379 1969
380 3481
381 4873
382 2741
383 5400
384 961
385 3736
386 2831
387 1853
388 2200
389 828
390 143
391 280
392 622
393 2074
394 4726
395 4611
396 4526
397 1927
398 2661
399 2156
400 86
401 1523
402 4988
403 2699
404 5253
405 535
406 3167
407 1179
408 2757
409 5021
410 1527
411 4460
412 2950
413 2751
414 3570
415 2556
416 4235
417 1846
418 1909
419 3346
420 790
421 1949
422 3572
423 5779
424 2946
425 2267
426 727
427 1321
428 3171
429 311
430 2787
431 2108
432 105
433 5318
434 5530
435 2805
436 3214
437 611
438 935
439 3714
440 614
441 2690
442 2771
443 3372
444 2303
445 5807
446 1675
447 4979
448 4227
449 1902
450 5552
451 1557
452 5344
453 1820
454 2458
455 2607
456 2474
457 5291
458 2746
459 4525
460 2304
461 1032
462 4314
463 633
464 3470
465 3
466 5544
467 4990
468 3873
469 2960
470 1803
471 2784
472 3242
473 4663
474 5912
475 486
476 1000
477 4724
478 2174
479 3303
480 1034
481 890
482 5849
483 3527
484 4128
485 241
486 5778
487 652
488 728
489 4560
490 4963
491 3567
492 465
493 504
494 3869
495 5330
496 3049
497 5598
498 860
499 555
500 5905
501 2568
502 3889
503 1403
504 2259
505 3232
506 1944
507 3415
508 3496
509 866
510 2248
511 542
512 29
513 5972
514 4617
515 1528
516 4200
517 4797
518 3620
519 2164
520 1371
521 3310
522 4707
523 305
524 4885
525 1473
526 563
527 2305
528 4292
529 1495
530 4090
531 4419
532 5417
533 3952
534 1662
535 32
536 1296
537 4331
538 3519
539 3678
540 751
541 3624
542 1894
543 1172
544 2307
545 802
546 1036
547 5381
548 5107
549 3970
550 5391
551 4019
552 3241
553 171
554 4274
555 3664
556 859
557 643
558 1888
559 3586
560 1138
561 1260
562 1180
563 43
564 4903
565 339
566 5485
567 3297
568 2451
569 637
570 1938
571 3081
572 5828
573 2344
574 713
575 50
576 3992
577 1813
578 3588
579 949
580 3884
581 4649
582 4540
583 4291
584 168
585 2709
586 2228
587 2165
588 4378
589 307
590 2388
591 5768
592 2932
593 4952
594 3833
595 4374
596 5946
597 738
598 4411
599 1117
600 920
601 1429
602 1674
603 1247
604 2229
605 1722
606 2192
607 2918
608 3401
609 5913
610 4522
611 3285
612 5802
613 909
614 5839
615 4506
616 3198
617 5734
618 5263
619 3866
620 4236
621 5553
622 723
623 433
624 2357
625 2273
626 2216
627 1302
628 1205
629 262
630 1518
631 3686
632 2625
633 5631
634 3107
635 660
636 1525
637 5451
638 5127
639 5712
640 4155
641 3096
642 5895
643 747
644 4827
645 3287
646 2528
647 3617
648 1792
649 2240
650 702
651 2611
652 1426
653 4924
654 293
655 6010
656 693
657 830
658 5379
659 5355
660 4664
661 4264
662 52
663 638
664 4349
665 5716
666 2505
667 1550
668 3543
669 4421
670 1264
671 556
672 557
673 5926
674 2726
675 1404
676 3478
677 6030
678 6036
679 2332
680 48
681 794
682 5927
683 5310
684 4368
685 2849
686 2879
687 673
688 1277
689 2508
690 5464
691 3193
692 4070
693 1652
694 351
695 5915
696 2331
697 415
698 33
699 6035
700 1687
701 2438
702 5868
703 3887
704 2561
705 4996
706 123
707 2371
708 4548
709 2888
710 4104
711 5602
712 4532
713 4921
714 803
715 1103
716 1896
717 5349
718 5676
719 345
720 529
721 3485
722 180
723 3936
724 4708
725 2841
726 844
727 605
728 1146
729 1659
730 155
731 2627
732 1836
733 5511
734 2025
735 993
736 393
737 3262
738 1221
739 4966
740 1259
741 4887
742 5108
743 268
744 1176
745 5884
746 1748
747 1407
748 4562
749 3901
750 4558
751 1932
752 3098
753 940
754 3982
755 1157
756 3610
757 495
758 4693
759 1958
760 1363
761 3326
762 2036
763 5784
764 425
765 3564
766 2284
767 2925
768 2887
769 4461
770 5357
771 4341
772 278
773 5739
774 3270
775 4219
776 1610
777 2479
778 2241
779 329
780 2942
781 543
782 1051
783 1839
784 536
785 1731
786 4795
787 6032
788 1811
789 864
790 4306
791 5328
792 337
793 1252
794 3879
795 3217
796 5995
797 2299
798 3782
799 3090
800 343
801 4686
802 4207
803 5752
804 3520
805 4536
806 847
807 1739
808 3553
809 2450
810 4202
811 5763
812 1156
813 5278
814 992
815 5951
816 4695
817 2426
818 5155
819 4798
820 5259
821 1274
822 1630
823 3365
824 4076
825 64
826 211
827 4647
828 1510
829 3875
830 4989
831 4213
832 478
833 1703
834 24
835 663
836 3280
837 1347
838 5101
839 951
840 748
841 4523
842 5227
843 933
844 2315
845 2626
846 562
847 3314
848 5695
849 4902
850 2473
851 4253
852 5876
853 3499
854 5026
855 5842
856 3637
857 2593
858 733
859 1588
860 5983
861 350
862 4012
863 1142
864 1736
865 5702
866 3930
867 626
868 1261
869 2376
870 2762
871 784
872 193
873 2553
874 3215
875 2503
876 3709
877 3998
878 1976
879 3647
880 913
881 4643
882 5129
883 5177
884 4147
885 2091
886 3592
887 5735
888 4414
889 1684
890 5903
891 4249
892 2768
893 1713
894 3772
895 419
896 2492
897 3891
898 782
899 4474
900 5679
901 4162
902 3351
903 3536
904 5273
905 4103
906 2413
907 1390
908 2009
909 186
910 1504
911 2696
912 340
913 4405
914 621
915 2230
916 3601
917 3184
918 1545
919 1571
920 460
921 5415
922 4375
923 4085
924 1240
925 4344
926 56
927 5306
928 4992
929 1190
930 651
931 4721
932 1327
933 1129
934 1275
935 4033
936 2221
937 3328
938 1018
939 2718
940 2066
941 4949
942 642
943 1085
944 134
945 5871
946 1506
947 873
948 3369
949 5961
950 3149
951 3095
952 2076
953 4466
954 2938
955 422
956 1413
957 1028
958 4386
959 230
960 4262
961 202
962 5985
963 2779
964 812
965 2475
966 3700
967 3207
968 672
969 16
970 2876
971 4268
972 1159
973 5990
974 971
975 3547
976 3283
977 558
978 2223
979 5124
980 2265
981 5042
982 5786
983 5046
984 3102
985 213
986 4592
987 5800
988 3861
989 321
990 2752
991 5272
992 5010
993 102
994 2082
995 632
996 1430
997 3124
998 4680
999 5671
1000 2482
1001 3456
1002 3441
1003 3860
1004 3589
1005 4392
1006 4573
1007 3252
1008 2535
1009 4184
1010 4701
1011 5591
1012 2684
1013 5203
1014 1509
1015 111
1016 2008
1017 3202
1018 4875
1019 2483
1020 3627
1021 4436
1022 1061
1023 112
1024 2700
1025 3684
1026 2549
1027 222
1028 2842
1029 2863
1030 4861
1031 2617
1032 1975
1033 6028
1034 5472
1035 5164
1036 4677
1037 515
1038 2409
1039 1707
1040 488
1041 3849
1042 5971
1043 1864
1044 2261
1045 1893
1046 2342
1047 4754
1048 4047
1049 4900
1050 2423
1051 3106
1052 270
1053 4493
1054 5022
1055 2546
1056 5055
1057 5293
1058 5033
1059 2237
1060 4450
1061 1477
1062 1349
1063 4049
1064 2996
1065 5063
1066 1113
1067 3144
1068 104
1069 4289
1070 4599
1071 725
1072 390
1073 452
1074 5280
1075 2702
1076 5822
1077 5329
1078 3740
1079 119
1080 5004
1081 5952
1082 5640
1083 3573
1084 4486
1085 4137
1086 4225
1087 2613
1088 3544
1089 2619
1090 695
1091 490
1092 1199
1093 2927
1094 5481
1095 2317
1096 3057
1097 3318
1098 5665
1099 1086
1100 4570
1101 5366
1102 2432
1103 1624
1104 2711
1105 995
1106 2782
1107 1572
1108 108
1109 2161
1110 3209
1111 3043
1112 704
1113 1442
1114 4098
1115 4842
1116 379
1117 1785
1118 288
1119 5881
1120 1911
1121 508
1122 1554
1123 5462
1124 2462
1125 2744
1126 1906
1127 3235
1128 4464
1129 2551
1130 1563
1131 1997
1132 3294
1133 2341
1134 2366
1135 953
1136 38
1137 5874
1138 5627
1139 1628
1140 2792
1141 4394
1142 5687
1143 520
1144 1602
1145 5244
1146 1320
1147 2203
1148 312
1149 948
1150 5420
1151 153
1152 2786
1153 701
1154 5865
1155 5224
1156 2904
1157 4269
1158 454
1159 588
1160 4334
1161 2567
1162 2832
1163 2029
1164 5697
1165 4697
1166 3053
1167 1786
1168 5659
1169 4679
1170 848
1171 2955
1172 1206
1173 5148
1174 2471
1175 2005
1176 1362
1177 3912
1178 4755
1179 2731
1180 4983
1181 2705
1182 4180
1183 5058
1184 986
1185 1872
1186 604
1187 5083
1188 1708
1189 4509
1190 5410
1191 2372
1192 395
1193 3065
1194 6038
1195 4297
1196 1457
1197 5723
1198 5581
1199 330
1200 602
1201 408
1202 4884
1203 5579
1204 1627
1205 4245
1206 1328
测试结束
Epoch 1 cost 308.15s